la01
10 5
1 21  0 53  4 95  3 55  2 34
0 21  3 52  4 16  2 26  1 71
3 39  4 98  1 42  2 31  0 12
1 77  0 55  4 79  2 66  3 77
0 83  3 34  2 64  1 19  4 37
1 54  2 43  4 79  0 92  3 62
3 69  4 77  1 87  2 87  0 93
2 38  0 60  1 41  3 24  4 83
3 17  1 49  4 25  0 44  2 98
4 77  3 79  2 43  1 75  0 96

la02
10 5
0 20  3 87  1 31  4 76  2 17
4 25  2 32  0 24  1 18  3 81
1 72  2 23  4 28  0 58  3 99
2 86  1 76  4 97  0 45  3 90
4 27  0 42  3 48  2 17  1 46
1 67  0 98  4 48  3 27  2 62
4 28  1 12  3 19  0 80  2 50
1 63  0 94  2 98  3 50  4 80
4 14  0 75  2 50  1 41  3 55
4 72  2 18  1 37  3 79  0 61

la06
15 5
1 21  2 34  4 95  0 53  3 55
3 52  4 16  1 71  2 26  0 21
2 31  0 12  1 42  3 39  4 98
3 77  1 77  4 79  0 55  2 66
4 37  3 34  2 64  1 19  0 83
2 43  1 54  0 92  3 62  4 79
0 93  3 69  1 87  4 77  2 87
0 60  1 41  2 38  4 83  3 24
2 98  3 17  4 25  0 44  1 49
0 96  4 77  3 79  1 75  2 43
4 28  2 35  0 95  3 76  1 7
0 61  4 10  2 95  1 9  3 35
4 59  3 16  1 91  2 59  0 46
4 43  1 52  0 28  2 27  3 50
0 87  1 45  2 39  4 9  3 41

la07
15 5
0 47  4 57  1 71  3 96  2 14
0 75  1 60  4 22  3 79  2 65
3 32  0 33  2 69  1 31  4 58
0 44  1 34  4 51  3 58  2 47
3 29  1 44  0 62  2 17  4 8
1 15  2 40  0 97  4 38  3 66
2 58  1 39  0 57  4 20  3 50
2 57  3 32  4 87  0 63  1 21
4 56  0 84  2 90  1 85  3 61
4 15  0 20  1 67  3 30  2 70
4 84  0 82  1 23  2 45  3 38
3 50  2 21  0 18  4 41  1 29
4 16  1 52  0 52  2 38  3 54
4 37  0 54  3 57  2 74  1 62
4 57  1 61  0 81  2 30  3 68

la11
20 5
2 34  1 21  0 53  3 55  4 95
0 21  3 52  1 71  4 16  2 26
0 12  1 42  2 31  4 98  3 39
2 66  3 77  4 79  0 55  1 77
0 83  4 37  3 34  1 19  2 64
4 79  2 43  0 92  3 62  1 54
0 93  4 77  2 87  1 87  3 69
4 83  3 24  1 41  2 38  0 60
4 25  1 49  0 44  2 98  3 17
0 96  1 75  2 43  4 77  3 79
0 95  3 76  1 7  4 28  2 35
4 10  2 95  0 61  1 9  3 35
1 91  2 59  4 59  0 46  3 16
2 27  1 52  4 43  0 28  3 50
4 9  0 87  3 41  2 39  1 45
1 54  0 20  4 43  3 14  2 71
4 33  1 28  3 26  0 78  2 37
1 89  0 33  2 8  3 66  4 42
4 84  0 69  2 94  1 74  3 27
4 81  2 45  1 78  3 69  0 96

la12
20 5
1 23  0 82  4 84  2 45  3 38
3 50  4 41  1 29  0 18  2 21
4 16  3 54  1 52  2 38  0 52
1 62  3 57  4 37  2 74  0 54
3 68  1 61  2 30  0 81  4 57
1 89  2 89  3 11  0 79  4 81
1 66  0 91  3 33  4 20  2 20
3 8  4 24  2 55  0 32  1 84
0 7  2 64  1 39  4 56  3 54
0 19  4 40  3 7  2 8  1 83
0 63  2 64  3 91  4 40  1 6
1 42  3 61  4 15  2 98  0 74
1 80  0 26  3 75  4 6  2 87
2 39  4 22  0 75  3 24  1 44
1 15  3 79  4 8  0 12  2 20
3 26  2 43  0 80  4 22  1 61
2 62  1 36  0 63  3 96  4 40
1 33  3 18  0 22  4 5  2 10
2 64  4 64  0 89  1 96  3 95
2 18  4 23  3 15  1 38  0 8

la16
10 10
1 21  6 71  9 16  8 52  7 26  2 34  0 53  4 21  3 55  5 95
4 55  2 31  5 98  9 79  0 12  7 66  1 42  8 77  6 77  3 39
3 34  2 64  8 62  1 19  4 92  9 79  7 43  6 54  0 83  5 37
1 87  3 69  2 87  7 38  8 24  9 83  6 41  0 93  5 77  4 60
2 98  0 44  5 25  6 75  7 43  1 49  4 96  9 77  3 17  8 79
2 35  3 76  5 28  9 10  4 61  6 9  0 95  8 35  1 7  7 95
3 16  2 59  0 46  1 91  9 43  8 50  6 52  5 59  4 28  7 27
1 45  0 87  3 41  4 20  6 54  9 43  8 14  5 9  2 39  7 71
4 33  2 37  8 66  5 33  3 26  7 8  1 28  6 89  9 42  0 78
8 69  9 81  2 94  4 96  3 27  0 69  7 45  6 78  1 74  5 84

la17
10 10
4 18  7 21  9 41  2 45  3 38  8 50  5 84  6 29  1 23  0 82
8 57  5 16  1 52  7 74  2 38  3 54  6 62  9 37  4 54  0 52
2 30  4 79  3 68  1 61  8 11  6 89  7 89  0 81  9 81  5 57
0 91  8 8  3 33  7 55  5 20  2 20  4 32  6 84  1 66  9 24
9 40  0 7  4 19  8 7  6 83  2 64  5 56  3 54  7 8  1 39
3 91  2 64  5 40  0 63  7 98  4 74  8 61  1 6  6 42  9 15
1 80  7 39  8 24  3 75  4 75  5 6  6 44  0 26  2 87  9 22
1 15  7 43  2 20  0 12  8 26  6 61  3 79  9 22  5 8  4 80
2 62  3 96  4 22  9 5  0 63  6 33  7 10  8 18  1 36  5 40
1 96  0 89  5 64  3 95  9 23  7 18  8 15  2 64  6 38  4 8

la21
15 10
2 34  3 55  5 95  9 16  4 21  6 71  0 53  8 52  1 21  7 26
3 39  2 31  0 12  1 42  9 79  8 77  6 77  5 98  4 55  7 66
1 19  0 83  3 34  4 92  6 54  9 79  8 62  5 37  2 64  7 43
4 60  2 87  8 24  5 77  3 69  7 38  1 87  6 41  9 83  0 93
8 79  9 77  2 98  4 96  3 17  0 44  7 43  6 75  1 49  5 25
8 35  7 95  6 9  9 10  2 35  1 7  5 28  4 61  0 95  3 76
4 28  5 59  3 16  9 43  0 46  8 50  6 52  7 27  2 59  1 91
5 9  4 20  2 39  6 54  1 45  7 71  0 87  3 41  9 43  8 14
1 28  5 33  0 78  3 26  2 37  7 8  8 66  6 89  9 42  4 33
2 94  5 84  6 78  9 81  1 74  3 27  8 69  0 69  7 45  4 96
1 31  4 24  0 20  2 17  9 25  8 81  5 76  3 87  7 32  6 18
5 28  9 97  0 58  4 45  6 76  3 99  2 23  1 72  8 90  7 86
5 27  9 48  8 27  7 62  4 98  6 67  3 48  0 42  1 46  2 17
1 12  8 50  0 80  2 50  9 80  3 19  5 28  6 63  4 94  7 98
4 61  3 55  6 37  5 14  2 50  8 79  1 41  9 72  7 18  0 75

la22
15 10
9 66  5 91  4 87  2 94  7 21  3 92  1 7  0 12  8 11  6 19
3 13  2 20  4 7  1 14  9 66  0 75  6 77  5 16  7 95  8 7
8 77  7 20  2 34  0 15  9 88  5 89  6 53  3 6  1 45  4 76
3 27  2 74  6 88  4 62  7 52  8 69  5 9  9 98  0 52  1 88
4 88  6 15  1 52  2 61  7 54  0 62  8 59  5 9  3 90  9 5
6 71  0 41  4 38  3 53  7 91  8 68  1 50  5 78  2 23  9 72
3 95  9 36  6 66  5 52  0 45  8 30  4 23  2 25  7 17  1 6
4 65  1 8  8 85  0 71  7 65  6 28  5 88  3 76  9 27  2 95
9 37  1 37  4 28  3 51  8 86  2 9  6 55  0 73  7 51  5 90
3 39  2 15  6 83  9 44  7 53  0 16  4 46  5 24  1 25  8 82
1 72  4 48  0 87  2 66  9 5  6 54  7 39  8 35  5 95  3 60
1 46  3 20  0 97  2 21  9 46  7 37  8 19  4 59  6 34  5 55
5 23  3 25  6 78  1 24  0 28  7 83  8 28  9 5  2 73  4 45
1 37  0 53  7 87  4 38  3 71  5 29  9 12  8 33  6 55  2 12
4 90  8 17  2 49  3 83  1 40  6 23  7 65  9 27  5 7  0 48

la26
20 10
8 52  7 26  6 71  9 16  2 34  1 21  5 95  4 21  0 53  3 55
4 55  5 98  3 39  9 79  0 12  8 77  6 77  7 66  2 31  1 42
5 37  4 92  2 64  6 54  1 19  7 43  0 83  3 34  9 79  8 62
1 87  5 77  0 93  3 69  2 87  7 38  8 24  6 41  9 83  4 60
2 98  5 25  6 75  9 77  1 49  3 17  8 79  0 44  7 43  4 96
1 7  4 61  0 95  2 35  9 10  8 35  5 28  3 76  7 95  6 9
5 59  9 43  0 46  4 28  6 52  3 16  2 59  1 91  8 50  7 27
5 9  9 43  8 14  7 71  4 20  6 54  3 41  0 87  1 45  2 39
1 28  8 66  0 78  2 37  9 42  3 26  5 33  6 89  4 33  7 8
4 96  3 27  6 78  5 84  2 94  8 69  1 74  9 81  7 45  0 69
4 24  7 32  9 25  2 17  3 87  8 81  5 76  6 18  1 31  0 20
8 90  5 28  1 72  7 86  2 23  3 99  6 76  9 97  4 45  0 58
2 17  4 98  3 48  1 46  8 27  6 67  7 62  0 42  9 48  5 27
0 80  8 50  3 19  7 98  5 28  2 50  4 94  6 63  1 12  9 80
9 72  0 75  4 61  8 79  6 37  2 50  5 14  3 55  7 18  1 41
3 96  2 14  5 57  0 47  7 65  4 75  8 79  1 71  6 60  9 22
1 31  7 47  8 58  3 32  4 44  5 58  6 34  0 33  2 69  9 51
1 44  7 40  2 17  0 62  8 66  6 15  3 29  9 38  5 8  4 97
2 58  3 50  4 63  9 87  0 57  6 21  7 57  8 32  1 39  5 20
1 85  0 84  5 56  3 61  9 15  7 70  8 30  2 90  6 67  4 20

la27
20 10
3 60  4 48  5 95  0 87  1 72  9 5  8 35  7 39  6 54  2 66
7 37  6 34  0 97  5 55  2 21  3 20  4 59  9 46  8 19  1 46
4 45  2 73  1 24  8 28  0 28  3 25  5 23  7 83  9 5  6 78
0 53  2 12  9 12  1 37  8 33  3 71  6 55  5 29  7 87  4 38
4 90  2 49  9 27  7 65  5 7  6 23  0 48  3 83  8 17  1 40
3 85  4 25  2 84  6 64  9 13  1 66  7 46  8 59  0 62  5 19
5 88  6 67  4 14  0 41  1 73  7 57  2 53  3 80  9 47  8 74
1 78  5 64  4 63  6 46  3 84  0 84  8 28  9 52  7 26  2 41
1 11  0 64  6 97  9 38  2 17  4 85  5 73  3 10  8 95  7 67
3 93  2 95  7 43  1 65  8 32  0 59  6 85  5 46  9 85  4 60
2 61  3 41  5 49  4 23  0 66  7 49  8 70  9 99  1 90  6 17
4 13  7 7  1 98  8 57  0 73  3 73  2 68  5 40  9 98  6 9
9 86  6 76  4 14  3 41  1 85  0 37  8 19  2 17  7 54  5 79
1 40  2 53  7 97  5 87  8 96  4 84  3 16  6 66  9 52  0 95
6 33  1 33  3 87  0 18  2 55  8 13  4 77  7 60  9 42  5 74
7 92  5 91  8 79  2 54  4 69  6 79  3 33  1 61  9 39  0 16
6 82  1 41  4 28  5 64  2 78  3 76  7 6  8 49  9 47  0 58
0 52  5 42  8 24  9 91  3 47  6 88  4 91  7 52  2 28  1 35
5 82  2 76  3 86  6 93  4 84  7 38  8 95  9 37  1 21  0 23
9 77  4 8  6 42  7 64  0 70  2 45  8 45  5 28  3 67  1 86

la31
30 10
4 21  7 26  9 16  2 34  3 55  8 52  5 95  6 71  1 21  0 53
8 77  5 98  1 42  7 66  2 31  3 39  6 77  9 79  4 55  0 12
2 64  4 92  3 34  1 19  8 62  6 54  7 43  0 83  9 79  5 37
0 93  8 24  3 69  7 38  5 77  2 87  4 60  6 41  1 87  9 83
9 77  0 44  4 96  8 79  6 75  2 98  5 25  3 17  7 43  1 49
3 76  2 35  5 28  0 95  7 95  4 61  8 35  1 7  6 9  9 10
1 91  7 27  8 50  3 16  4 28  5 59  6 52  0 46  2 59  9 43
1 45  7 71  2 39  0 87  8 14  6 54  3 41  9 43  5 9  4 20
2 37  3 26  4 33  9 42  0 78  6 89  7 8  8 66  1 28  5 33
1 74  0 69  5 84  3 27  9 81  7 45  8 69  2 94  6 78  4 96
5 76  7 32  6 18  0 20  3 87  2 17  9 25  4 24  1 31  8 81
9 97  8 90  5 28  7 86  0 58  1 72  2 23  6 76  3 99  4 45
9 48  5 27  6 67  7 62  4 98  0 42  1 46  8 27  3 48  2 17
9 80  3 19  5 28  1 12  4 94  6 63  7 98  8 50  0 80  2 50
2 50  1 41  4 61  8 79  5 14  9 72  7 18  3 55  6 37  0 75
9 22  5 57  4 75  2 14  7 65  3 96  1 71  0 47  8 79  6 60
3 32  2 69  4 44  1 31  9 51  0 33  6 34  5 58  7 47  8 58
8 66  7 40  2 17  0 62  9 38  5 8  6 15  3 29  1 44  4 97
3 50  2 58  6 21  4 63  7 57  8 32  5 20  9 87  0 57  1 39
4 20  6 67  1 85  2 90  7 70  0 84  8 30  5 56  3 61  9 15
6 29  0 82  4 18  3 38  7 21  8 50  1 23  5 84  2 45  9 41
3 54  9 37  6 62  5 16  0 52  8 57  4 54  2 38  7 74  1 52
4 79  1 61  8 11  0 81  7 89  6 89  5 57  3 68  9 81  2 30
9 24  1 66  4 32  3 33  8 8  2 20  6 84  0 91  7 55  5 20
3 54  2 64  6 83  9 40  7 8  0 7  4 19  5 56  1 39  8 7
1 6  4 74  0 63  2 64  9 15  6 42  7 98  8 61  5 40  3 91
1 80  3 75  0 26  2 87  9 22  7 39  8 24  4 75  6 44  5 6
5 8  3 79  6 61  1 15  0 12  7 43  8 26  9 22  2 20  4 80
1 36  0 63  7 10  4 22  3 96  5 40  9 5  8 18  6 33  2 62
4 8  8 15  2 64  3 95  1 96  6 38  7 18  9 23  5 64  0 89

la32
30 10
6 89  1 58  4 97  2 44  8 77  3 5  0 9  5 58  9 96  7 84
7 31  2 81  9 73  4 15  1 87  5 39  8 57  0 77  3 85  6 21
2 48  5 71  0 40  3 70  1 49  6 22  4 10  8 34  7 80  9 82
4 11  6 72  7 62  0 55  2 17  5 75  3 7  1 91  9 35  8 47
0 64  6 71  4 12  1 90  2 94  3 75  9 20  8 15  5 50  7 67
2 29  6 93  3 68  5 93  1 57  8 77  0 52  9 7  4 58  7 70
4 26  3 27  1 63  5 6  6 87  7 56  8 48  9 36  0 95  2 82
1 8  7 76  3 76  4 30  6 84  9 78  8 41  0 36  2 36  5 15
3 13  8 29  0 75  2 81  1 78  5 88  4 54  9 40  7 13  6 82
0 52  2 6  3 6  5 82  6 64  9 88  8 54  4 54  7 32  1 26
8 62  1 35  4 72  7 69  0 62  5 32  9 5  3 61  2 67  6 93
2 78  3 11  7 82  4 7  1 72  8 64  9 90  0 85  5 88  6 63
7 50  4 28  3 35  1 66  2 27  8 49  9 11  6 88  5 31  0 44
4 62  5 39  0 76  2 14  6 56  3 97  1 7  7 69  9 66  8 47
6 47  2 41  0 64  7 58  9 57  8 93  3 69  5 53  1 18  4 79
7 76  9 81  0 76  6 61  4 77  8 26  2 74  5 22  1 58  3 78
6 30  8 72  3 43  0 65  1 16  4 92  5 95  9 29  2 99  7 64
1 35  3 74  5 16  4 85  0 7  2 81  6 86  8 61  9 35  7 34
1 97  7 43  4 72  6 88  5 17  0 43  8 94  3 64  9 22  2 42
7 99  2 84  8 99  5 98  1 20  6 31  3 74  0 92  9 23  4 89
8 32  0 6  4 55  5 19  9 81  1 81  7 40  6 9  3 37  2 40
6 15  2 70  8 25  1 46  9 65  4 64  7 21  0 77  5 65  3 55
8 31  7 84  5 37  3 24  2 85  4 89  9 29  1 44  0 40  6 83
4 80  0 8  9 41  5 59  7 56  3 38  2 30  8 97  6 77  1 80
9 59  0 91  3 50  8 80  1 17  6 40  2 71  5 56  4 88  7 7
7 36  3 58  4 54  5 77  2 8  6 9  0 45  9 10  1 29  8 96
0 28  3 92  2 73  7 27  8 86  5 87  9 96  1 98  6 99  4 70
9 32  1 95  3 85  6 81  2 41  8 39  7 92  0 59  5 56  4 52
4 93  2 12  5 22  6 27  8 45  7 69  3 60  1 7  0 88  9 49
2 61  5 26  9 71  8 44  0 21  6 82  3 68  7 33  1 84  4 99

la36
15 15
4 21  3 55  6 71  14 98  10 12  2 34  9 16  1 21  0 53  7 26  8 52  5 95  12 31  11 42  13 39
11 54  4 83  1 77  7 64  8 34  14 79  12 43  0 55  3 77  6 19  9 37  5 79  10 92  13 62  2 66
9 83  5 77  2 87  7 38  4 60  12 98  0 93  13 17  6 41  10 44  3 69  11 49  8 24  1 87  14 25
5 77  0 96  9 28  6 7  4 95  13 35  7 35  8 76  11 9  12 95  2 43  1 75  10 61  14 10  3 79
10 87  4 28  8 50  2 59  0 46  11 45  14 9  9 43  6 52  7 27  1 91  13 41  3 16  5 59  12 39
0 20  2 71  4 78  13 66  3 14  12 8  14 42  6 28  1 54  9 33  11 89  8 26  7 37  10 33  5 43
8 69  4 96  12 17  0 69  7 45  11 31  6 78  10 20  3 27  13 87  1 74  5 84  14 76  2 94  9 81
4 58  13 90  11 76  3 81  7 23  9 28  1 18  2 32  12 86  8 99  14 97  0 24  10 45  6 72  5 25
5 27  1 46  6 67  8 27  13 19  10 80  2 17  3 48  7 62  11 12  14 28  4 98  0 42  9 48  12 50
11 37  5 80  4 75  8 55  7 50  0 94  9 14  6 41  14 72  3 50  10 61  13 79  2 98  12 18  1 63
7 65  3 96  0 47  4 75  12 69  14 58  10 33  1 71  9 22  13 32  5 57  8 79  2 14  11 31  6 60
1 34  2 47  3 58  5 51  4 62  6 44  9 8  7 17  10 97  8 29  11 15  13 66  12 40  0 44  14 38
3 50  7 57  13 61  5 20  11 85  12 90  2 58  4 63  10 84  1 39  9 87  6 21  14 56  8 32  0 57
9 84  7 45  5 15  14 41  10 18  4 82  11 29  2 70  1 67  3 30  13 50  6 23  0 20  12 21  8 38
9 37  10 81  11 61  14 57  8 57  0 52  7 74  6 62  12 30  1 52  2 38  13 68  4 54  3 54  5 16

la37
15 15
5 19  6 64  11 73  9 13  2 84  14 88  3 85  10 41  12 53  13 80  1 66  7 46  8 59  4 25  0 62
1 67  3 74  7 41  2 57  14 52  0 14  9 64  8 84  6 78  5 47  13 28  4 84  10 63  12 26  11 46
6 97  8 95  0 64  9 38  10 59  12 95  2 17  11 65  13 93  3 10  5 73  1 11  4 85  14 46  7 67
10 23  12 49  3 32  4 66  2 43  0 60  8 41  7 61  13 70  9 49  11 17  6 90  1 85  14 99  5 85
9 98  8 57  3 73  6 9  0 73  7 7  1 98  4 13  13 41  5 40  11 85  10 37  2 68  14 79  12 17
11 66  7 53  5 86  6 40  0 14  3 19  13 96  4 95  2 54  10 84  12 97  8 16  14 52  1 76  9 87
4 77  2 55  9 42  5 74  14 91  13 33  10 16  12 54  0 18  3 87  7 60  8 13  6 33  1 33  11 61
6 41  5 39  11 82  9 64  14 47  10 28  7 78  13 49  1 79  4 58  2 92  3 79  12 6  0 69  8 76
11 21  5 42  9 91  2 28  0 52  6 88  12 76  13 86  10 23  1 35  7 52  4 91  3 47  14 82  8 24
11 42  1 93  3 95  13 45  9 28  14 77  0 84  10 8  7 45  4 70  5 37  6 86  12 64  8 67  2 38
4 97  12 81  1 58  7 84  5 58  0 9  11 87  3 5  2 44  13 85  6 89  10 77  9 96  14 39  8 77
12 80  1 21  10 10  5 73  8 70  6 49  2 31  13 34  4 40  11 22  0 15  14 82  3 57  9 71  7 48
2 17  7 62  5 75  9 35  1 91  14 50  3 7  10 64  13 75  12 94  0 55  6 72  8 47  4 11  11 90
11 93  6 57  1 71  12 70  9 93  5 20  3 15  13 77  10 58  0 12  2 67  8 68  14 7  7 29  4 52
13 76  3 27  4 26  9 36  11 8  10 36  0 95  8 48  2 82  6 87  5 6  1 63  7 56  12 36  14 15
