20
 gen120_00 
 150 120 49
51
44
65
36
44
100
79
64
52
21
43
81
34
84
47
72
75
97
45
48
72
73
54
70
30
25
73
29
55
83
42
84
53
26
30
35
44
66
56
66
50
31
65
87
63
63
64
22
34
45
40
48
54
58
24
79
60
87
78
58
96
80
100
66
93
98
91
85
99
95
72
45
36
61
24
74
43
25
82
46
35
65
98
74
52
71
35
92
92
58
36
76
85
36
46
24
36
22
58
74
88
55
32
92
97
95
23
91
46
67
33
89
20
27
37
76
94
67
73
76
 gen120_01 
 150 120 47
68
75
43
24
65
50
26
47
92
64
95
37
31
70
45
82
43
92
91
62
66
46
55
43
31
78
50
73
34
58
28
80
33
100
36
42
88
36
34
46
71
59
25
61
55
95
96
26
24
97
22
70
61
61
22
56
62
25
32
73
38
89
28
98
86
67
41
52
26
96
88
78
70
42
49
39
92
41
25
29
99
53
35
24
65
47
68
52
43
90
23
29
42
83
22
65
80
82
89
92
48
51
35
60
72
58
44
92
79
75
55
95
49
48
81
97
78
96
31
40
 gen120_02 
 150 120 47
85
54
48
41
48
95
22
23
78
39
86
61
28
39
36
96
51
37
93
44
48
90
26
34
79
98
86
78
33
42
38
78
34
74
37
99
83
69
94
28
91
64
23
87
80
89
28
78
31
79
68
40
77
20
79
23
41
50
76
70
52
49
93
38
43
45
65
28
48
51
30
46
87
86
78
26
89
62
92
90
20
57
56
54
67
33
70
44
25
94
66
74
25
96
62
86
71
29
60
31
77
29
65
23
58
71
80
46
69
89
28
66
40
76
80
31
23
94
31
93
 gen120_03 
 150 120 49
32
25
74
43
58
95
62
92
85
70
39
99
100
87
45
100
65
57
100
66
59
99
84
61
89
99
34
76
63
33
54
36
57
48
65
40
34
27
95
43
67
41
50
24
88
66
87
38
76
67
87
95
72
41
92
27
20
95
44
31
93
59
26
65
91
22
29
50
29
25
31
32
39
92
44
52
35
79
52
54
79
40
77
29
55
86
20
29
95
49
77
43
92
60
33
74
95
48
36
29
91
55
89
40
53
66
64
89
34
44
98
40
67
92
20
66
21
81
87
85
 gen120_04 
 150 120 50
70
94
24
39
100
50
79
99
98
91
41
58
58
35
72
32
34
61
56
75
36
50
30
43
73
97
92
84
93
51
66
61
43
62
92
99
91
95
45
80
85
31
29
32
29
53
75
68
34
48
60
55
66
78
25
99
28
67
95
66
70
36
35
44
98
76
59
42
98
95
89
91
76
70
53
75
99
68
85
31
46
51
75
73
35
71
25
53
96
67
56
94
56
25
26
75
22
49
93
41
51
20
35
46
43
34
94
27
32
63
50
27
71
39
99
48
97
51
89
64
 gen120_05 
 150 120 52
72
45
71
60
29
40
66
95
97
89
59
44
71
90
26
90
80
92
68
53
37
42
85
68
97
73
54
31
35
57
86
65
87
42
93
87
51
40
60
58
57
60
49
99
23
81
65
20
62
34
78
47
95
48
52
61
22
97
31
33
33
27
94
29
35
97
72
99
99
86
25
93
98
68
80
77
70
53
78
95
89
48
47
36
58
40
87
56
87
91
79
97
96
25
61
83
53
86
50
44
87
39
66
74
78
42
32
75
91
83
67
63
77
62
42
36
64
56
66
82
 gen120_06 
 150 120 52
54
62
91
94
64
71
32
35
92
100
93
91
72
99
36
72
50
78
37
76
81
69
31
73
64
88
75
48
62
35
68
54
91
82
56
99
100
60
40
71
97
61
50
80
57
87
57
64
41
56
58
24
53
79
75
21
58
44
31
65
67
26
67
50
88
96
42
34
24
95
65
82
50
96
81
89
27
76
91
99
62
46
95
25
45
78
82
65
64
46
54
87
97
62
64
88
71
52
78
94
28
27
81
71
60
29
39
42
29
36
89
60
81
30
72
81
71
70
79
86
 gen120_07 
 150 120 52
45
95
53
59
86
67
47
37
55
57
92
93
98
71
35
53
51
42
59
26
80
54
63
69
42
77
52
75
77
100
94
87
40
84
75
30
42
29
53
99
74
65
36
62
54
88
25
84
74
40
75
98
97
93
30
50
67
84
94
46
78
61
47
62
67
35
93
47
38
98
32
20
61
80
20
99
57
95
74
81
100
38
83
95
72
99
64
32
62
82
62
51
79
51
59
52
80
60
27
59
32
41
58
70
93
91
65
51
86
83
95
70
78
65
67
86
68
73
23
24
 gen120_08 
 150 120 50
87
36
66
65
85
87
75
64
95
52
56
54
34
96
94
83
67
98
35
59
81
43
89
57
49
42
67
60
80
89
84
77
62
87
62
52
81
52
54
37
59
69
42
96
25
63
98
25
45
46
65
29
61
63
49
85
77
41
81
94
55
53
87
66
70
99
89
61
22
70
42
52
35
67
91
86
85
37
89
51
79
100
45
24
56
24
39
81
27
37
94
46
54
35
64
76
60
57
74
89
21
31
30
81
58
48
96
42
95
32
86
85
74
75
25
41
21
46
68
44
 gen120_09 
 150 120 49
82
88
70
47
44
69
62
58
98
92
63
26
69
76
64
74
21
89
62
33
39
71
30
99
37
56
60
78
48
97
84
40
22
80
30
85
51
41
42
96
42
38
99
92
70
43
79
86
87
47
68
62
90
47
76
90
57
86
26
39
64
97
95
40
87
52
74
91
79
28
39
40
74
36
96
47
26
84
33
26
27
100
90
78
48
80
28
68
61
68
62
92
44
55
44
93
45
54
43
94
25
68
40
66
78
30
93
28
33
32
43
30
57
58
30
99
74
20
93
23
 gen120_10 
 150 120 50
26
53
86
22
57
84
88
27
23
30
20
79
51
35
34
33
82
73
100
70
79
47
94
74
96
29
57
27
92
61
53
53
31
60
88
88
84
77
54
72
34
39
47
41
82
58
21
81
31
89
54
68
23
78
84
75
47
99
48
41
91
34
62
29
96
66
91
55
26
96
83
88
49
22
59
59
78
42
66
60
63
100
40
93
73
79
29
97
53
82
41
75
72
48
86
36
98
30
87
95
71
95
71
67
37
70
63
23
92
74
37
96
25
54
25
87
38
64
58
76
 gen120_11 
 150 120 49
98
52
30
35
89
85
31
28
23
28
22
60
95
27
23
91
33
29
70
32
46
21
51
94
41
59
88
74
76
78
67
67
64
87
50
38
61
94
36
95
82
64
100
58
89
58
37
50
24
22
77
89
38
86
81
95
78
100
20
94
36
43
64
22
85
65
24
42
55
90
96
92
85
30
89
59
42
100
31
34
46
56
21
55
52
50
94
26
51
26
87
26
92
58
56
94
64
71
74
89
37
96
70
54
60
84
99
67
81
27
65
54
52
25
41
44
25
100
79
83
 gen120_12 
 150 120 52
96
21
95
45
83
70
99
81
62
95
48
27
50
58
92
87
90
50
76
93
54
47
98
85
20
34
72
44
40
33
74
62
84
32
71
30
55
61
95
83
25
23
82
95
90
40
60
41
69
61
77
21
38
55
83
95
61
60
70
44
69
83
62
75
88
27
48
88
63
30
42
96
51
66
98
62
54
61
82
62
50
48
87
94
78
96
92
89
43
76
84
33
80
70
55
64
56
26
85
54
28
87
31
74
22
100
39
72
76
68
73
43
63
44
79
68
75
72
56
60
 gen120_13 
 150 120 45
47
30
61
32
39
84
23
69
61
30
41
68
25
43
50
21
71
49
22
90
24
44
61
30
30
81
43
28
28
31
26
41
35
65
51
56
77
26
69
25
86
71
68
56
57
31
75
60
70
64
93
56
21
58
85
46
89
72
78
30
38
95
39
39
66
26
84
37
37
65
92
75
36
92
71
29
94
44
96
45
53
36
66
29
91
58
60
40
62
25
98
94
33
75
100
48
29
50
91
20
70
74
39
68
78
87
71
60
85
74
51
63
71
31
47
38
30
72
99
67
 gen120_14 
 150 120 46
34
46
69
75
22
50
28
42
64
60
24
36
38
22
35
100
37
80
55
49
32
91
73
100
46
51
43
49
76
67
21
72
60
99
29
70
87
73
66
94
70
96
97
71
29
46
99
28
32
37
24
60
26
48
82
69
66
34
33
27
85
35
23
60
70
85
91
70
23
87
24
36
100
95
43
78
94
88
22
37
60
51
74
37
81
84
30
38
73
70
21
24
22
23
30
58
93
86
73
40
26
36
63
20
53
55
68
51
40
35
75
85
100
100
27
91
49
88
84
98
 gen120_15 
 150 120 48
84
70
71
46
47
21
62
37
70
40
69
35
46
72
52
43
42
62
29
98
55
70
75
49
61
31
100
30
25
45
91
87
87
100
88
97
98
99
27
75
50
65
51
94
27
95
50
44
66
68
24
33
64
65
81
91
55
41
53
68
47
54
88
83
83
94
78
50
37
28
70
79
31
48
26
30
20
40
65
49
24
58
62
38
94
42
33
61
97
98
81
42
59
26
71
69
97
32
83
28
80
43
93
21
93
88
42
27
42
68
88
38
65
76
32
95
35
36
89
27
 gen120_16 
 150 120 48
76
43
20
84
61
70
41
54
34
42
51
22
94
95
66
64
50
68
29
24
24
85
78
48
56
88
74
23
56
61
21
91
49
63
51
30
59
81
83
44
51
86
52
59
60
56
76
28
76
32
20
56
47
71
69
49
53
39
24
48
88
78
97
54
79
83
45
92
87
47
81
84
86
49
85
89
96
75
70
72
27
21
43
64
98
48
45
59
93
98
97
51
71
80
64
45
46
71
30
23
40
36
41
92
28
37
85
48
68
43
83
60
47
22
22
26
57
83
70
50
 gen120_17 
 150 120 50
88
86
45
59
63
56
80
63
79
41
91
81
56
69
54
58
32
99
62
49
55
40
95
90
62
32
74
55
46
27
71
73
31
99
92
80
78
37
93
69
90
79
96
81
64
71
46
76
49
79
73
96
95
57
91
90
29
20
21
23
54
94
43
77
51
45
31
35
93
72
87
43
56
50
36
40
49
29
53
95
49
61
27
73
64
27
94
72
26
88
20
94
67
73
25
76
57
61
85
35
89
71
34
81
39
59
99
38
25
71
23
78
33
88
65
40
49
64
37
25
 gen120_18 
 150 120 47
41
25
26
41
60
27
84
100
58
34
80
50
41
79
89
55
45
29
40
57
27
58
48
30
95
48
46
30
39
95
79
79
81
45
84
94
70
23
35
44
32
74
94
98
70
30
39
52
81
80
30
62
67
56
28
30
43
86
78
78
88
29
79
98
74
34
82
42
25
53
71
91
39
74
93
95
31
97
89
50
54
30
94
72
59
22
69
21
52
49
39
21
99
38
63
74
26
22
84
61
72
79
26
37
71
95
75
51
46
42
66
37
48
64
50
81
93
62
54
64
 gen120_19 
 150 120 46
80
29
25
20
37
31
54
37
31
79
79
52
86
53
100
24
58
75
66
94
36
90
28
40
25
80
71
36
43
71
72
67
47
75
31
95
74
38
21
28
39
96
94
85
23
99
84
94
61
86
39
84
52
75
53
89
25
89
72
69
42
47
97
21
23
77
40
42
90
100
72
45
96
26
37
25
75
57
66
68
35
41
35
27
55
84
78
53
63
28
52
22
25
93
45
22
32
31
24
40
85
28
75
55
84
23
68
62
71
75
54
57
23
92
47
54
97
65
49
79
